26
107
5a
131
8
117b
16
15
1
68
25
197
141
26
91
99
112
135
120
87
123
179
186
9
71
70
75
93
196
72
161
102
122
149
96
86
65
85
145
104
74
52
92
176
91
41
124
161
177
118
93
70
87
55
153
97
148
65
20
58
125
115
134
23
136
94
113c
112
130
194
163
38
74
14
103
120
46a
82
187
128
21
162
148
163
17
135
156
156
65
65
180
180
33
170
141
53
50
2
45
140
94
167
156
15
142
180
24
180
112
172 c
114
92
43
142
2
159
90
78
122
152
37
195
172
150
137
96
84
196
15
56
125
183
89
190
125
120
42
32
44
36
183
4
137
24
101
6
129
34
176
66b
28
107
113
35 a
79
100
81
38
77
148
91
20
12
38
179
26
159
170
9
78
186
51
18
198
57c
2
86
153
3
130
58
199
100
199
160
20
158
81
140
99
30
84
21
141
156
97
140
187
122
19
43
121
119
109
188
77
185
59
51
89
129
99
41
116
161
189
186
26
70
137
60
173
23
160
9
147
75
109
47
37
99
153
124
127
34
179
26
94
88
187
6
193
134a
149
59
98
144
48
98
184
76
113
199
113
29
103
138
172
38
26
124
122
118 b
132
192
110
172
198
127
95c
48
9
57 a
95
32
117
170
124
195
110
129
116
42
47
136
51
29
86
200
38
82
10
56
65
188
93 c
22
43
89
115
47
72
105
99
16
195
35
4
87
200
69
57
83
122
154
183
187
16
81
171
129
151
72
111
115
75
130
159
101
163
113
68
72
35
127
122
161
77a
34
162
28
105
74
5
70
94
153
141 b
153
31
56
42
162
27
161
1
55
129
98
106
149
16
158
140
141
16
184
74
69
74
44
32
2
153
104
40
58
28
150
173
160
146
76
196
78
42
153
192
197
20
63
23
67
100
125
12
132
65
152
10
12
166 c
51
136
92
25
155
54
64
62
36
151
136
144
101
96
25
171
16
134
109
194
169
17
98
109
125
110
5
111
159
134c
10
46
3
151
185
199
59
12
68
191
170
123
126
55
122
24
33
96
19
83
154
141
138
106
34
97
105
34
21
108
121
199
38
118
140
28
58
134
115
177
172 a
122
93
151
117
139
146
17
10
16
110
197
174
182
154
162
106
184
44
97
83
14
187
10
188
47
188
175
91
33
16
139
55
147
47
138
113
74
116
192
191
40
183
55
66
45
7
84
47
103
140
160
95
36
176
42
184
181
86
85
177
56
161
182
146
115
88
54
109
72 c
149
128
53
32
105
70
43
34
12
105
40
6
35
123
124
151
78
115
157
136
30a
50
65
189
177
7
39
180
55
42
122
157
103
47c
132
19
6
54
196
164a
143
99
29
191
143
67
152
54
152
30
77
121
180
171
38
108
136
33
17
69
130
156
32
71
33
155
71
174
62
93
94
178
142
61
95
158
19
159
180b
172
41
31
111
62
95
87
160
189
91
117
135
19
67
191
140
183
48
122
40
183
40
185
68
192
5
151
69
6
138
45
49
62
56
164
21
126
6
4
146
42
52
58
80
9
18
83
64
113
42
184
102
96
54
85
150
27
161
123
138
34
81b
24
124
118
51
17
125
57
24
48
174
14
132
16
57
69
99
148
107b
143
15
150
5 b
94 a
137
118
69
179
113
181
185
29
90
59
139
68
40
15
123
116
109
65
149
188
136
138
11
94
166 c
4
137
169
94
94 c
6
122b
60
38
124c
71
64
157
160
142
9
77
107
147
197
150 b
99
160c
50
1
157
165
80
110
162
69
13
97
62
155
70
100
126
132
61
105
122
12
132
148
154
12
195
63
50c
44
2
163
18
194
138
84
48
38
110
95
108
94
140
166
165
147
26
25
172
47
110
104
69
1 b
193
87
191
105
38
27
74
126
113
101
163
152
131
98
55
123
184
116
32
192
39
93
54
35
100 b
152
4
60
150
34
18 a
99
65
136
133
157
44
80
139
138a
8
162
129
23
165
43
63
121
200
173
118
6
79
131
122
16
101
47
37
195b
198
60
5
65
190
155
132
183
188
90
164
56
126
4
59
127
140
164
95
138
43
93
158
62
105a
137
74a
90a
155
17
144
127
3
173
68
61
163
129
53
112
200
143
103
101
83
174
61
171b
142
16
181
156
168
18
186
97
11
85
171
161
67
134
173
134
103
196
56
87
182
7
153
72
99
23
103
146
165
94
121
167
98
160
154
171
17
149
20
107
116
126
128
117
142
16
145
120
141
197
152
74
166
6
4
116
135
195
96
53
82
144
106
159
63
43
24
4
58
109 b
89
43
147
107
74
51
5
41
188
182
38
200
67
48
111
70