PLZ
10178
20038
80331
50667
60311
70173
40213
44135
45127
28195
30159
04109
01067
90403
47051
44787
42275
33602
53111
68159
76133
65183
48143
86150
45879
52062
41061
38100
09111
24103
47803
06108
39104
79098
46045
23539
99084
18055
55116
34117
58095
59065
66111
45468
44623
49074
67059
26122
42651
51373
14461
41460
69117
33098
64283
93047
97070
85049
74072
89073
37083
38440
75175
45657
63065
46236
90762
27576
72764
42853
56068
47441
51465
91052
54290
07743
57072
38226
31134
03046
07545
67657
58452
33330
58636
19053
08056
52349
73728
40878
24937
63450
45768
72070
44532
06844
71638
42551
78462
32423
67547
26382
78050
35037
46284
24534
48431
35390
58507
44575
45964
41747
53840
59759
27749
46395
32756
21335
95444
14770
22846
29221
96047
46535
63739
59555
59423
08523
73430
99423
17033
50171
56564
32052
36037
41515
41539
84028
45699
50126
87435
30827
46483
83022
15230
71063
73525
65428
77652
40764
88045
31785
18439
52222
50354
73033
58706
02826
53879
45525
40721
53757
52249
76530
17489
40667
32105
50259
97421
67433
59227
38300
48529
89231
71332
30853
47877
61348
51643
35578
49477
49808
26721
59192
27472
50374
94032
67346
50226
88212
47533
31224
59494
53332
58239
32545
89522
25335
79539
66538
76437
06886
52134
33378
67227
48249
95028
48599
49324
71032
40699
21682
06766
53773
99867
52477
78224
72458
31535
71229
85354
59174
32257
41812
94315
23952
70734
50321
99734
70794
77933
92224
69469
66424
55545
61440
31275
76646
63110
40789
76829
99817
74321
72108
25421
85221
92637
41334
87600
41564
09599
32657
38518
16515
38640
46325
96450
16225
31515
87700
52525
53639
66953
02625
26603
91522
72622
63303
32584
30880
14612
73230
66333
53721
64625
21614
98527
40822
73614
41836
01705
92318
01796
48683
91126
47475
76275
21244
65719
02977
48231
38820
45721
63477
46562
52146
58675
53859
66386
66740
82110
70771
74523
59269
48653
16321
99974
47906
73760
48268
45711
63263
42929
48282
74889
39576
04600
63225
71522
32457
32791
50389
26871
49716
77694
78532
16303
85435
01589
06217
39218
29525
26789
66482
48565
82256
47574
21423
72336
64546
38855
47608
15711
30890
01445
65549
63128
52428
41352
74564
30926
68519
25524
15517
49661
88400
22880
79618
31582
49124
59457
15890
58285
47495
61118
16816
94469
37671
71083
49377
59872
68623
53797
70806
61231
57223
49565
22926
58256
55743
78315
66663
45739
91301
27711
06406
18273
06526
33129
47918
28832
59368
36251
31303
79576
45731
06712
37154
46446
56626
77815
59302
31832
39418
21502
42781
41844
76571
86316
58332
06449
65232
59846
71665
33397
02763
06667
06366
75015
06618
47623
58300
24768
86633
52511
52499
61169
86899
92421
46499
01662
34225
47506
65779
71364
42799
53474
59581
86343
88239
57368
53894
69181
59379
51503
53359
31737
51491
26954
73312
07318
27283
95326
01968
42579
37574
79312
58840
74172
63165
85716
04509
59929
71384
66606
15344
64347
63322
33758
91207
32469
98693
69168
49393
16761
32312
21465
90513
78628
72160
51674
89584
09212
57392
14712
75417
45549
57462
65795
64646
32339
99310
53604
26506
35510
77855
52531
33154
58313
50181
57439
73479
03130
08371
88131
26316
06295
74821
64319
61381
71254
34346
91154
28857
39288
53340
04416
57250
64331
23843
59348
16540
55411
63179
38350
33428
85276
24837
55218
07407
29664
14974
84478
34497
97877
88250
72250
37520
35683
34414
76297
99706
51688
82538
71686
75365
64521
99510
30952
65510
82319
14542
49733
08412
79761
91074
31319
42477
24340
74613
48691
72202
96515
97980
46459
89250
31655
49525
25813
07973
58730
66440
09456
38667
88299
72555
26655
14513
68723
37115
27356
29614
61184
88662
65812
82362
01640
17235
46509
86356
33142
63571
42489
64560
78713
64823
75031
63654
06484
17192
08451
35260
78166
68766
34431
33790
58540
33775
03149
66763
04552
86551
26409
87527
31812
97318
83301
35745
26419
97688
65760
25746
79183
98617
48703
59590
76726
96215
14943
63486
74906
68753
76287
26169
86368
25451
31675
38723
08468
30938
31061
04720
63500
98574
65439
08209
37603
73054
17291
32130
72116
53909
66346
37269
99610
57319
77704
59320
04860
48477
88339
24568
66822
61130
92237
51702
37327
88471
23611
03172
29410
02943
89312
32602
89537
48607
67105
51545
46414
35708
48291
39387
72379
31840
33014
27793
39340
58791
86720
70839
71263
79650
04668
29640
35066
67098
74177
27432
83278
63755
51399
58762
56727
53902
19322
08340
19370
34613
30966
88069
72793
70825
31157
27607
23879
22869
57258
01454
74722
79379
89407
66450
34246
63150
87616
84489
86609
99947
83043
35415
84130
56112
54329
82515
32805
84453
83059
54516
55232
04435
63667
31848
83646
25436
15806
61476
88348
08280
91781
74343
03238
65343
53489
66280
85368
96317
34537
83435
95615
58566
76744
01979
71272
23701
41849
01917
48712
56170
64354
33034
90522
93413
04808
03222
58553
65239
01558
36381
79713
04838
33813
37308
36304
79189
06502
23730
02708
78333
64720
66687
49356
14641
17268
89257
86399
29633
49401
72488
01809
07937
08393
94474
34454
32825
21509
35274
82377
91710
53424
18311
64832
36088
95100
86529
73240
36433
96465
09337
38154
27211
83395
56154
09669
23795
97816
24211
34369
42499
06792
61462
32369
71691
59597
26919
57271
09648
26826
39307
97616
68642
48455
71672
08289
93309
04758
47638
85748
16909
37213
90518
73061
48317
78647
74336
64807
59939
33175
22941
64372
04420
69412
32139
66564
21493
97753
69198
38889
94060
76703
74653
37170
61267
65479
86391
69190
69214
65824
97922
39261
30989
06237
38678
57334
72525
16278
78727
71706
34560
88316
06333
76593
79206
89129
88410
04425
37688
34576
48336
87629
87509
06917
65520
15907
73207
18528
16792
87719
37412
86825
84048
36341
71540
01844
47546
30982
69151
36179
26441
35305
90547
85072
31162
59955
73066
84405
23909
24576
35614
01723
36199
91257
24223
52441
63628
34212
53937
35606
27404
09496
65451
63505
35423
96472
64711
97437
26639
48324
35216
32839
89264
65817
86830
17389
49624
25541
61250
89155
78112
91161
35781
91315
97941
89269
89542
67269
71679
88630
29303
32361
64653
23769
07381
16259
78073
25437
34582
88677
39638
49740
79664
24306
34466
76684
84307
09350
49610
91757
54634
85567
93333
49413
71088
14913
16928
27232
94447
93073
37235
93326
35410
84503
94405
52156
86381
39291
72393
06869
19348
56410
27239
74405
38685
72574
76661
63607
93133
19288
91217
78549
73249
33181
38364
72172
73441
59399
01877
35075
69502
83512
91413
77955
65589
91555
35440
57489
39326
58809
61191
86807
17109
09376
06242
04626
94051
86956
71711
98646
06268
58802
14547
17438
79395
89143
09366
90552
19230
29378
84347
91438
16727
94209
65375
79822
98544
74731
94486
74354
15537
09217
83308
65366
97762
48465
74189
48727
25348
08606
68526
49186
84137
29683
93426
33824
91550
04610
17309
85560
21481
18209
08297
77866
37431
39245
97199
46419
14806
88161
39606
83714
77723
08112
73547
07607
73642
91541
74193
04654
33165
72213
06231
35619
63679
95213
89150
36396
66299
97828
74348
73072
56218
23936
38690
65307
72401
99880
89415
97737
52385
09618
65582
31167
59602
34587
19258
75323
18507
72469
96231
32676
18546
09405
37581
93142
31542
31547
94065
01983
90579
37586
01744
27374
88499
15926
71277
78176
78234
02906
39240
24782
57518
94327
04916
17373
09526
73540
04924
35321
61449
09557
88512
85290
72218
79336
73079
06780
06343
63906
35457
88326
36110
94227
49584
09322
84359
38871
63619
72631
25355
49828
23758
16866
24376
64579
21354
65385
08294
74196
04821
95632
29439
65594
73235
95111
02991
67304
17358
31683
75378
64732
63897
58339
39590
14959
49201
56203
78120
61194
89331
25899
49545
03253
23812
23774
79341
35083
34434
56130
97332
06905
26931
95643
84513
15859
63683
14727
79346
31008
34281
91560
93437
32683
17166
06567
06679
95233
09661
55268
08107
06249
32816
91275
03226
86637
35279
53498
88416
08223
04910
57548
04442
18356
15345
07907
15749
21745
33829
92339
03205
56743
79725
61197
29549
08233
94481
66849
63785
34439
92334
16831
01855
04683
96103
04651
92342
93155
71111
86641
23858
04736
37242
88427
07629
07806
94086
06385
06246
08248
84524
89335
76870
04849
88605
93149
56179
55606
06188
94234
67574
37181
54550
15848
29451
57537
71723
97450
06493
04539
95119
74219
35460
79400
17139
02730
73450
77736
92431
72280
36205
49593
59964
16356
04746
14929
69231
73447
25548
97702
07570
06420
67292
37441
79843
01896
76456
56575
18246
89423
16269
55469
78183
08485
01471
92648
35315
76887
55286
09569
79219
91567
84056
75438
75305
74357
63688
36266
99438
39444
06773
97990
66877
06493
54568
99894
25704
56235
76332
93158
95126
93444
96106
77871
34626
66976
64747
91083
07768
04895
01609
34513
74831
01768
37186
09385
01683
15374
07422
89601
85088
18225
16766
39539
21762
55276
95652
96110
39646
08228
91171
97944
34376
04741
93449
79215
94078
77716
09380
97337
57562
26427
97631
37247
01900
04564
79848
95666
17213
76855
34471
97769
74206
91320
06469
55765
94333
61203
99752
64673
34289
92655
96224
89340
19306
54338
08258
89420
75433
99444
33039
64743
72275
67480
83410
92331
17098
89165
97447
54470
55435
04703
48612
72501
56751
72818
74706
72348
55566
07356
92249
09353
14669
54439
09306
16798
08344
96476
19386
74632
24589
34286
01809
74532
01987
99842
72639
08309
72175
63911
97215
31552
71717
74363
07646
92507
78199
79423
02994
84494
78187
92345
16775
57610
84529
91575
72351
92242
02997
34393
79669
03116
09603
91717
86470
02727
36129
17153
24960
56841
17087
04938
74575
92660
01816
06463
97638
04643
25709
01833
35638
19300
56269
53545
77709
06556
26548
77756
99755
99885
53557
74653
19395
96132
19205
97475
74915
57627
01773
02681
07774
79235
72221
99830
37619
95659
54411
18299
56470
98673
88709
06571
04567
86650
93339
37627
15306
35516
09419
91578
16359
75387
56457
99625
17335
35088
97900
86655
01623
01737
91183
98724
92536
71296
38170
98553
39517
76767
67806
98587
15936
08626
24321
34474
34305
92681
91278
37696
74740
02929
34388
06901
54595
34311
92670
31028
95478
17367
97483
38875
17207
97996
92355
07580
67697
35287
26757
07426
74861
39164
06628
96142
79780
49832
18258
56288
09427
56422
64678
06632
86732
38486
91174
17094
77839
97461
74670
67251
09573
53572
25821
56812
79674
36358
99326
89597
29456
86653
78098
63939
08118
25832
66869
92526
19243
77728
04680
09328
04874
97653
95131
18236
18337
08312
38700
08349
04774
96260
36419
74238
07985
91180
97993
56377
89168
09326
17159
37351
95473
03185
91443
37284
19089
77972
04523
72355
19246
95482
78250
67157
73466
18581
95460
19249
66994
69250
95152
01734
64401
09514
36142
01936
35282
15299
52396
92690
04769
95679
99837
59969
19406
93086
25938
16559
25554
97346
08396
23923
04931
96523
74592
74582
78132
02782
74541
17121
37281
15837
92253
04613
56355
56856
92676
39249
04687
06686
08491
35104
04565
09429
99897
06895
37127
91788
06429
02894
96145
35469
55774
91322
18231
39624
99994
23942
88422
23992
35285
96148
03119
01616
18195
36448
55494
63916
83684
77761
74676
07922
01945
04571
39615
08134
02953
97896
04685
79837
09468
78147
67466
39397
55583
74924
08645
65391
34385
17217
02748
39439
04639
17348
07929
69239
99718
56477
39435
98724
07819
97947
67146
07586
27318
06537
06507
97486
38835
55481
02742
36404
07952
95497
91792
06779
03159
07980
16845
14822
97340
69434
96337
98634
17279
01848
95158
04889
06800
99448
98704
06925
95173
19417
97645
37632
99631
03249
14798
08261
73277
92444
98708
78570
17252
07343
95168
02627
56294
35110
06682
95163
95346
18292
04916
34396
19399
36320
06785
96528
95671
16247
35116
56766
15326
17126
15848
19303
91344
06636
97357
07616
55442
74245
01778
78567
39629
09623
71739
16835
09481
35327
17255
23948
07955
07407
07589
54576
56338
25764
09477
56759
06388
17179
06642
06542
74638
74747
98660
75385
19217
29462
99518
06647
99713
91593
56321
01920
96346
36329
55430
02681
01814
09517
04655
91639
38828
06347
08499
53518
16949
38899
55590
19412
97246
98599
39619
56329
04880
91732
91583
79295
99636
56242
07619
07926
98701
18465
04936
99718
02747
73111
92539
25836
19336
17506
14662
15938
02899
92714
14793
06425
09487
99628
36457
36323
72516
38895
38315
99955
91282
09484
98743
16307
06648
99831
07338
79677
25840
18574
37539
19309
07927
06198
16945
97350
01824
25361
01990
27336
04688
09481
99765
06193
72519
18230
16248
35119
39397
06577
73349
99189
97650
78267
39319
72534
56368
67742
98663
17326
38877
14823
96358
06571
09619
95197
17154
97794
31553
67752
55422
99441
17328
72513
07349
17406
74259
98744
06922
98631
99338
06456
38707
15755
07389
37444
91235
97342
07919
74595
39365
99638
39398
36452
18334
14728
01829
07958
39596
97285
17440
91737
15377
66500
97909
39397
97239
06786
98559
15868
54673
18461
95691
18461
01825
99439
56346
54531
06721
06547
95514
07768
06279
06369
67823
95192
38709
99718
34639
39264
95362
97851
39524
06667
54655
56349
15748
39615
07924
29493
98663
99439
24399
